00000000000000000000000000000000 00000000000000000000000000000000 00000000000000000000000000000000 0
00000000000000000000000000000001 00000000000000000000000000000000 00000000000000000000000000000001 0
00000000000000000000000000000010 00000000000000000000000000000000 00000000000000000000000000000010 0
00000000000000000000000000000011 00000000000000000000000000000000 00000000000000000000000000000011 0
00000000000000000000000000000100 00000000000000000000000000000000 00000000000000000000000000000100 0
00000000000000000000000000000101 00000000000000000000000000000000 00000000000000000000000000000101 0
00000000000000000000000000000110 00000000000000000000000000000000 00000000000000000000000000000110 0
00000000000000000000000000000111 00000000000000000000000000000000 00000000000000000000000000000111 0
00000000000000000000000000001000 00000000000000000000000000000000 00000000000000000000000000001000 0
00000000000000000000000000001001 00000000000000000000000000000000 00000000000000000000000000001001 0
00000000000000000000000000001010 00000000000000000000000000000000 00000000000000000000000000001010 0
00000000000000000000000000001011 00000000000000000000000000000000 00000000000000000000000000001011 0
00000000000000000000000000001100 00000000000000000000000000000000 00000000000000000000000000001100 0
00000000000000000000000000001101 00000000000000000000000000000000 00000000000000000000000000001101 0
00000000000000000000000000001110 00000000000000000000000000000000 00000000000000000000000000001110 0
00000000000000000000000000001111 00000000000000000000000000000000 00000000000000000000000000001111 0
00000000000000000000000000010000 00000000000000000000000000000000 00000000000000000000000000010000 0
00000000000000000000000000010001 00000000000000000000000000000000 00000000000000000000000000010001 0
00000000000000000000000000010010 00000000000000000000000000000000 00000000000000000000000000010010 0
00000000000000000000000000010011 00000000000000000000000000000000 00000000000000000000000000010011 0
00000000000000000000000000010100 00000000000000000000000000000000 00000000000000000000000000010100 0
00000000000000000000000000010101 00000000000000000000000000000000 00000000000000000000000000010101 0
00000000000000000000000000010110 00000000000000000000000000000000 00000000000000000000000000010110 0
00000000000000000000000000010111 00000000000000000000000000000000 00000000000000000000000000010111 0
00000000000000000000000000011000 00000000000000000000000000000000 00000000000000000000000000011000 0
00000000000000000000000000011001 00000000000000000000000000000000 00000000000000000000000000011001 0
00000000000000000000000000011010 00000000000000000000000000000000 00000000000000000000000000011010 0
00000000000000000000000000011011 00000000000000000000000000000000 00000000000000000000000000011011 0
00000000000000000000000000011100 00000000000000000000000000000000 00000000000000000000000000011100 0
00000000000000000000000000011101 00000000000000000000000000000000 00000000000000000000000000011101 0
00000000000000000000000000011110 00000000000000000000000000000000 00000000000000000000000000011110 0
00000000000000000000000000011111 00000000000000000000000000000000 00000000000000000000000000011111 0
00000000000000000000000000100000 00000000000000000000000000000000 00000000000000000000000000100000 0
00000000000000000000000000100001 00000000000000000000000000000000 00000000000000000000000000100001 0
00000000000000000000000000100010 00000000000000000000000000000000 00000000000000000000000000100010 0
00000000000000000000000000100011 00000000000000000000000000000000 00000000000000000000000000100011 0
00000000000000000000000000100100 00000000000000000000000000000000 00000000000000000000000000100100 0
00000000000000000000000000100101 00000000000000000000000000000000 00000000000000000000000000100101 0
00000000000000000000000000100110 00000000000000000000000000000000 00000000000000000000000000100110 0
00000000000000000000000000100111 00000000000000000000000000000000 00000000000000000000000000100111 0
00000000000000000000000000101000 00000000000000000000000000000000 00000000000000000000000000101000 0
00000000000000000000000000101001 00000000000000000000000000000000 00000000000000000000000000101001 0
00000000000000000000000000101010 00000000000000000000000000000000 00000000000000000000000000101010 0
00000000000000000000000000101011 00000000000000000000000000000000 00000000000000000000000000101011 0
00000000000000000000000000101100 00000000000000000000000000000000 00000000000000000000000000101100 0
00000000000000000000000000101101 00000000000000000000000000000000 00000000000000000000000000101101 0
00000000000000000000000000101110 00000000000000000000000000000000 00000000000000000000000000101110 0
00000000000000000000000000101111 00000000000000000000000000000000 00000000000000000000000000101111 0
00000000000000000000000000110000 00000000000000000000000000000000 00000000000000000000000000110000 0
